cl__1 = 1e+22;
cl__2 = 1;
Point(1) = {0, 0, 0, cl__1};
Point(2) = {1800, 0, 0, cl__1};
Point(3) = {0, 0, 2500, cl__1};
Point(4) = {2566, 0, 2500, cl__1};
Point(5) = {0, 0, 5000, cl__1};
Point(6) = {1800, 0, 5000, cl__1};
Point(7) = {0, 0, 7500, cl__1};
Point(8) = {2566, 0, 7500, cl__1};
Point(9) = {0, 0, 10000, cl__1};
Point(10) = {1800, 0, 10000, cl__1};
Point(11) = {0, 0, 12500, cl__1};
Point(12) = {2566, 0, 12500, cl__1};
Point(13) = {0, 0, 15000, cl__1};
Point(14) = {1800, 0, 15000, cl__1};
Point(15) = {0, 0, 17500, cl__1};
Point(16) = {2566, 0, 17500, cl__1};
Point(17) = {0, 0, 20000, cl__1};
Point(18) = {1800, 0, 20000, cl__1};
Point(19) = {0, 0, 22500, cl__1};
Point(20) = {2566, 0, 22500, cl__1};
Point(21) = {0, 0, 25000, cl__1};
Point(22) = {1800, 0, 25000, cl__1};
Point(23) = {0, 0, 27500, cl__1};
Point(24) = {2566, 0, 27500, cl__1};
Point(25) = {0, 0, 30000, cl__1};
Point(26) = {1800, 0, 30000, cl__1};
Point(27) = {0, 0, 32500, cl__1};
Point(28) = {2566, 0, 32500, cl__1};
Point(29) = {0, 0, 35000, cl__1};
Point(30) = {1900, 0, 35000, cl__1};
Point(31) = {0, 2608, 37500, cl__1};
Point(32) = {0, -2608, 37500, cl__1};
Point(33) = {1.596939426088149e-13, 2608, 37500, cl__1};
Point(34) = {-4.790818278264445e-13, -2608, 37500, cl__1};
Point(35) = {-4.790818278264445e-13, -2608, 37500, cl__1};
Point(36) = {7.984697130440743e-13, 2608, 37500, cl__1};
Point(37) = {-2326, 0, 40000, cl__1};
Point(38) = {-1226, 0, 40000, cl__1};
Point(39) = {1772, 0, 40000, cl__1};
Point(40) = {2572, 0, 40000, cl__1};
Point(41) = {-2326, 0, 42500, cl__1};
Point(42) = {-1, 0, 42500, cl__1};
Point(43) = {1772, 0, 42500, cl__1};
Point(44) = {3543, 0, 42500, cl__1};
Point(45) = {-2326, 0, 45000, cl__1};
Point(46) = {-1226, 0, 45000, cl__1};
Point(47) = {1772, 0, 45000, cl__1};
Point(48) = {2572, 0, 45000, cl__1};
Point(49) = {-2326, 0, 47500, cl__1};
Point(50) = {-1, 0, 47500, cl__1};
Point(51) = {1772, 0, 47500, cl__1};
Point(52) = {3543, 0, 47500, cl__1};
Point(53) = {-2326, 0, 50000, cl__1};
Point(54) = {-1226, 0, 50000, cl__1};
Point(55) = {1772, 0, 50000, cl__1};
Point(56) = {2572, 0, 50000, cl__1};
Point(57) = {-2326, 0, 52500, cl__1};
Point(58) = {-1, 0, 52500, cl__1};
Point(59) = {1772, 0, 52500, cl__1};
Point(60) = {3543, 0, 52500, cl__1};
Point(61) = {-2326, 0, 55000, cl__1};
Point(62) = {-1226, 0, 55000, cl__1};
Point(63) = {1772, 0, 55000, cl__1};
Point(64) = {2572, 0, 55000, cl__1};
Point(65) = {-2326, 0, 57500, cl__1};
Point(66) = {-1, 0, 57500, cl__1};
Point(67) = {1772, 0, 57500, cl__1};
Point(68) = {3543, 0, 57500, cl__1};
Point(69) = {-2326, 0, 60000, cl__1};
Point(70) = {-1226, 0, 60000, cl__1};
Point(71) = {1772, 0, 60000, cl__1};
Point(72) = {2572, 0, 60000, cl__1};
Point(73) = {-2326, 0, 62500, cl__1};
Point(74) = {-1, 0, 62500, cl__1};
Point(75) = {1772, 0, 62500, cl__1};
Point(76) = {3543, 0, 62500, cl__1};
Point(77) = {-2326, 0, 65000, cl__1};
Point(78) = {-1226, 0, 65000, cl__1};
Point(79) = {1772, 0, 65000, cl__1};
Point(80) = {2572, 0, 65000, cl__1};
Point(81) = {7267.5, 9075.299999999999, 46178.3, cl__2};
